0.5754
0.8
40
-0.0001511713350611291656840219741924513803728
-1.256390384839309113454966135865667953282
0.2468156475594798891903756058451096355452
0.05671913449535499518131217412581788560780
-0.03593899510003976630438282837116842900344
0.004309827907215549990447636871047240906414
0.001963541004817085940087254815745689472861
-0.0008943234149703396950331157425980735315547
0.00006105398965710550909210735250977441612747
0.00006188332027167695794768697217292717298129
-0.00002032064217816506082080381248250410325683
-5.917508310565041252387439151580871254779E-7
0.000001993110264488937754875003726939839127835
-4.460808064168219715750374754096584938983E-7
-7.091465500270745524324575719583669425079E-8
5.999985897082526939373691134821791750094E-8
-9.224090264909730396045855296354121978462E-9
-3.081048454699410800424424250663875788760E-9
1.652284575905043706736929645697526451124E-9
-1.530219765235557359683931463934319039528E-10
-1.096154081162629255139053111745887234700E-10
4.223753560176127120263526498938054598840E-11
-1.004640487249960190556471829234743826828E-12
-3.558676617626400441093094970696934322399E-12
1.004423856884389818875771912092651114756E-12
6.516615444194818766777972998731488911695E-14
-1.079237625624183863380047623840291084907E-13
2.172052736819717070611019669050637483423E-14
4.262632899226970967366030013560300636465E-15
-3.071110664243917246697097520762313221752E-15
3.978542434330043722816902947176104065343E-16
1.782851232460937282016199320668874345825E-16
-8.193352719716318716847908512520156175163E-17
4.678651669174662819847100066749610065839E-18
6.290977208505213125174399242621701562427E-18
-2.036602398263703289117227989144068623481E-18
-5.514501237092254757468581284250062671314E-20
2.007812537370097757999357628354024977398E-19
-4.634038429218728620855892635802171906372E-20
-6.570708157395334198926069248545061387139E-21
5.946190599987313954761299788512647909132E-21
