0.5754
0.8
40
8.243910854252586818398468140727485681598
-6.032269284842356590763124761811898139329
-0.9982018393488768212870485551214219254660
2.636380035575487901277173048576548376450
-0.8141796198214493447765290740007908803075
-0.2914776696974148421740854390292029094745
0.2745372070550113999541623636218775331978
-0.04633125714306393162354991190342385865219
-0.03001770434187098209852408805452277230873
0.01747406108159697558619274593825089242219
-0.001244840016483334494990914000047655701907
-0.002110046728570736484967808324450109239034
0.0008333458172130182896109355805611670049736
0.00002863679588472385117810330721347044424686
-0.0001189318818323646555212827708240243473603
0.00003216471359147232825156735287301001109092
0.000005533390734142349193497603076657139086116
-0.000005692302191208737501815633709202335329804
0.000001007237857994582516946187848123279882127
3.960644175367161259496827573487756610904E-7
-2.378178560816084320833621423394399849534E-7
2.268647587806219103891696422242221439553E-8
2.128900263844045413604764163505275918971E-8
-8.812757251990754719197365421061626557991E-9
9.847331875849954114159833593380559607907E-11
9.759056584734997884841680010114507472506E-10
-2.906867768700512545166262965752069632757E-10
-2.654551226600996353735133712084582785918E-11
3.994682133908276997775703369428663719846E-11
-8.386821381535569729681477273540570171582E-12
-2.026207179750350360090469878783408861245E-12
1.489123428502068818569245661272298309026E-12
-1.980473076437803575284754269382960263852E-13
-1.057621756500211287872236748216723877651E-13
5.092556445130771212088840436987775596941E-14
-2.857016035544006227389696266976291525183E-15
-4.646615389281830211683734886883648975489E-15
1.594260740610715850637913139345046954098E-15
5.101257094833053889584405109290296099398E-17
-1.825678830449110517322362130720485890104E-16
4.500901273184090479499396174251271590047E-17
