0.5754
0.8
40
7.284686217073343364308928771520785880120
7.166839843174802185240992572993248655458
-5.433001676297059973591004034310118629630
-0.8162303438668710530428311222016364703596
1.274860776188583447864516599295497048418
-0.2771613530843119823286503894709891517532
-0.08203153501419121617226533778780391517846
0.05969385630085114964753544763528078527220
-0.007968162367437230733794459341825886155262
-0.004473236961734716925259770570702585699940
0.002083437510864333652580812184674161939691
-0.00006645640022933414159232408151728977355432
-0.0002099312322013898646500738828835093459824
0.00006425601109949456465339060112578971537033
0.000005096246796708563286762743565102657246630
-0.000008326059932041889721556185872230007181510
0.000001790211117029923677412082072535693217853
3.686401409545791821222788547233818385640E-7
-2.868314582754728416855533482594045573557E-7
4.174279623089664107484850488073747080467E-8
1.745807048159243558203062486246276156258E-8
-8.928769916214726364653980229568096270385E-9
6.776124703652665443546620729072417367373E-10
7.029460943233170215198146515484613643774E-10
-2.553348255898314569837764870785130290375E-10
-1.163985541754308428957411107080292437890E-12
2.545970400967899903672856242680592952117E-11
-6.658607008883236960978183465934355413955E-12
-7.298340199207759382006882311484706808140E-13
8.458413378056599324805479791558459881293E-13
-1.527226581454501360939595285315880382248E-13
-4.213789196504353893525075407185987826523E-14
2.600889776351222862502197510175368605156E-14
-2.762562703335934836792039200594386974319E-15
-1.798945567325540845471519623628220778400E-15
7.417085757377063893117312884551643302655E-16
-2.064030573647686484337792178604534514463E-17
-6.647039290123597677409186756510755824130E-17
1.947679367481316789347206077250127164248E-17
1.316412082609756748399618566773467779284E-18
-2.231908409380400851354213192973714510399E-18
