0.5754
0.8
40
8.163158323607492932358697907491078067540
5.305102869114238913965574926884911096174
-5.007570213278036115581466021423947693734
-0.4750089926104958706773580951032158859756
1.077483076430138597642184154550807635005
-0.2614873117403540249253322826911974283982
-0.06131861968333768933915923437835700500460
0.05136074128750475550453919969896967825698
-0.007893350629547863086744112727221708466387
-0.003571279230315645722872018961798730299830
0.001832133387138767076921033935014205327344
-0.00009793767640302160239691498575547359948218
-0.0001738838673442610315509346055711167513635
0.00005783101422189233975601658338812428518335
0.000002960865099839120434610080100024314450973
-0.000007035972114280946187368566187922037945195
0.000001652758794689556269759052783794507710020
2.729685469756068641008769849198491680157E-7
-2.460534414026390507294411534697143929039E-7
4.016422436290473558537527106490604455720E-8
1.379409826655771080054336579452220722574E-8
-7.773899117207056430607635049020761815603E-9
7.292218443490041653904671187491198228166E-10
5.747460653299151226452508462447913429194E-10
-2.260881747799019806537417763318263082935E-10
3.662007482176661656976463935130597775287E-12
2.129481189666499802020877590403878075890E-11
-6.024383554855599694935531444800696337799E-12
-4.899052178391867961734741535320367392773E-13
7.200841565386165215465740688344933283631E-13
-1.428369790843879921666730822742576174192E-13
-3.249003801552533761568236148284872776114E-14
2.249731264392229072833063685798826463422E-14
-2.774004994454479454097255624613115808842E-15
-1.454912407376660481645022456560508210709E-15
6.522407398397005523196422917004628442563E-16
-3.046032840458431811322678447258475095787E-17
-5.521620342747709149049161006370802056425E-17
1.746838079332204830533113268910979740976E-17
7.547135897644641607604624762453260082521E-19
-1.889660652215060829861832289318592883691E-18
